(kicad_pcb (version 20171130) (host pcbnew 5.1.7-a382d34a8~87~ubuntu20.04.1)

  (general
    (thickness 1.6)
    (drawings 16)
    (tracks 298)
    (zones 0)
    (modules 47)
    (nets 53)
  )

  (page A4)
  (layers
    (0 F.Cu signal)
    (31 B.Cu signal)
    (32 B.Adhes user)
    (33 F.Adhes user)
    (34 B.Paste user)
    (35 F.Paste user)
    (36 B.SilkS user)
    (37 F.SilkS user)
    (38 B.Mask user)
    (39 F.Mask user)
    (40 Dwgs.User user)
    (41 Cmts.User user)
    (42 Eco1.User user)
    (43 Eco2.User user)
    (44 Edge.Cuts user)
    (45 Margin user)
    (46 B.CrtYd user)
    (47 F.CrtYd user)
    (48 B.Fab user)
    (49 F.Fab user)
  )

  (setup
    (last_trace_width 0.75)
    (user_trace_width 0.3)
    (user_trace_width 0.5)
    (user_trace_width 0.75)
    (trace_clearance 0.2)
    (zone_clearance 0.508)
    (zone_45_only yes)
    (trace_min 0.2)
    (via_size 0.8)
    (via_drill 0.4)
    (via_min_size 0.4)
    (via_min_drill 0.3)
    (uvia_size 0.3)
    (uvia_drill 0.1)
    (uvias_allowed no)
    (uvia_min_size 0.2)
    (uvia_min_drill 0.1)
    (edge_width 0.05)
    (segment_width 0.2)
    (pcb_text_width 0.3)
    (pcb_text_size 1.5 1.5)
    (mod_edge_width 0.12)
    (mod_text_size 1 1)
    (mod_text_width 0.15)
    (pad_size 1.524 1.524)
    (pad_drill 0.762)
    (pad_to_mask_clearance 0)
    (aux_axis_origin 0 0)
    (visible_elements FFFFFF7F)
    (pcbplotparams
      (layerselection 0x010fc_ffffffff)
      (usegerberextensions false)
      (usegerberattributes true)
      (usegerberadvancedattributes true)
      (creategerberjobfile true)
      (excludeedgelayer true)
      (linewidth 0.100000)
      (plotframeref false)
      (viasonmask false)
      (mode 1)
      (useauxorigin false)
      (hpglpennumber 1)
      (hpglpenspeed 20)
      (hpglpendiameter 15.000000)
      (psnegative false)
      (psa4output false)
      (plotreference true)
      (plotvalue true)
      (plotinvisibletext false)
      (padsonsilk false)
      (subtractmaskfromsilk false)
      (outputformat 1)
      (mirror false)
      (drillshape 1)
      (scaleselection 1)
      (outputdirectory ""))
  )

  (net 0 "")
  (net 1 +5V)
  (net 2 GND)
  (net 3 V_SPI)
  (net 4 "Net-(C301-Pad1)")
  (net 5 "Net-(C302-Pad1)")
  (net 6 "Net-(C303-Pad1)")
  (net 7 "Net-(C304-Pad1)")
  (net 8 "Net-(D101-Pad2)")
  (net 9 ~CS_1)
  (net 10 /SPI_Convert_1/IM)
  (net 11 /SPI_Convert_1/IP)
  (net 12 "Net-(D103-Pad2)")
  (net 13 ~CS_2)
  (net 14 /SPI_Convert_2/IM)
  (net 15 /SPI_Convert_2/IP)
  (net 16 /SPI_Convert_1/IBIAS)
  (net 17 /SPI_Convert_1/ICMP)
  (net 18 /SPI_Convert_1/SLOW)
  (net 19 /SPI_Convert_1/MSTR)
  (net 20 /SPI_Convert_1/PHA)
  (net 21 /SPI_Convert_1/POL)
  (net 22 SCK)
  (net 23 SDO)
  (net 24 SDI)
  (net 25 /SPI_Convert_1/EN)
  (net 26 /SPI_Convert_2/IBIAS)
  (net 27 /SPI_Convert_2/ICMP)
  (net 28 /SPI_Convert_2/SLOW)
  (net 29 /SPI_Convert_2/MSTR)
  (net 30 /SPI_Convert_2/PHA)
  (net 31 /SPI_Convert_2/POL)
  (net 32 /SPI_Convert_2/EN)
  (net 33 "Net-(J102-Pad6)")
  (net 34 /Transformer/isoSPI_OUT-_Header)
  (net 35 "Net-(J102-PadSH)")
  (net 36 "Net-(J102-Pad2)")
  (net 37 "Net-(J102-Pad1)")
  (net 38 /Transformer/isoSPI_OUT+_Header)
  (net 39 "Net-(J102-Pad4)")
  (net 40 "Net-(J102-Pad5)")
  (net 41 "Net-(J102-Pad3)")
  (net 42 "Net-(J104-Pad6)")
  (net 43 /Transformer/isoSPI_IN-_Header)
  (net 44 "Net-(J104-PadSH)")
  (net 45 "Net-(J104-Pad2)")
  (net 46 "Net-(J104-Pad1)")
  (net 47 /Transformer/isoSPI_IN+_Header)
  (net 48 "Net-(J104-Pad4)")
  (net 49 "Net-(J104-Pad5)")
  (net 50 "Net-(J104-Pad3)")
  (net 51 "Net-(T301-Pad11)")
  (net 52 "Net-(T301-Pad8)")

  (net_class Default "This is the default net class."
    (clearance 0.2)
    (trace_width 0.25)
    (via_dia 0.8)
    (via_drill 0.4)
    (uvia_dia 0.3)
    (uvia_drill 0.1)
    (add_net +5V)
    (add_net /SPI_Convert_1/EN)
    (add_net /SPI_Convert_1/IBIAS)
    (add_net /SPI_Convert_1/ICMP)
    (add_net /SPI_Convert_1/IM)
    (add_net /SPI_Convert_1/IP)
    (add_net /SPI_Convert_1/MSTR)
    (add_net /SPI_Convert_1/PHA)
    (add_net /SPI_Convert_1/POL)
    (add_net /SPI_Convert_1/SLOW)
    (add_net /SPI_Convert_2/EN)
    (add_net /SPI_Convert_2/IBIAS)
    (add_net /SPI_Convert_2/ICMP)
    (add_net /SPI_Convert_2/IM)
    (add_net /SPI_Convert_2/IP)
    (add_net /SPI_Convert_2/MSTR)
    (add_net /SPI_Convert_2/PHA)
    (add_net /SPI_Convert_2/POL)
    (add_net /SPI_Convert_2/SLOW)
    (add_net /Transformer/isoSPI_IN+_Header)
    (add_net /Transformer/isoSPI_IN-_Header)
    (add_net /Transformer/isoSPI_OUT+_Header)
    (add_net /Transformer/isoSPI_OUT-_Header)
    (add_net GND)
    (add_net "Net-(C301-Pad1)")
    (add_net "Net-(C302-Pad1)")
    (add_net "Net-(C303-Pad1)")
    (add_net "Net-(C304-Pad1)")
    (add_net "Net-(D101-Pad2)")
    (add_net "Net-(D103-Pad2)")
    (add_net "Net-(J102-Pad1)")
    (add_net "Net-(J102-Pad2)")
    (add_net "Net-(J102-Pad3)")
    (add_net "Net-(J102-Pad4)")
    (add_net "Net-(J102-Pad5)")
    (add_net "Net-(J102-Pad6)")
    (add_net "Net-(J102-PadSH)")
    (add_net "Net-(J104-Pad1)")
    (add_net "Net-(J104-Pad2)")
    (add_net "Net-(J104-Pad3)")
    (add_net "Net-(J104-Pad4)")
    (add_net "Net-(J104-Pad5)")
    (add_net "Net-(J104-Pad6)")
    (add_net "Net-(J104-PadSH)")
    (add_net "Net-(T301-Pad11)")
    (add_net "Net-(T301-Pad8)")
    (add_net SCK)
    (add_net SDI)
    (add_net SDO)
    (add_net V_SPI)
    (add_net ~CS_1)
    (add_net ~CS_2)
  )

  (module Connector_RJ:RJ45_Amphenol_RJHSE5380 (layer F.Cu) (tedit 5DC08C43) (tstamp 5F9F66DF)
    (at 132.842 156.972 270)
    (descr "Shielded, https://www.amphenolcanada.com/ProductSearch/drawings/AC/RJHSE538X.pdf")
    (tags "RJ45 8p8c ethernet cat5")
    (path /5FC4DF0F)
    (fp_text reference J102 (at 3.56 -9.5 90) (layer F.SilkS)
      (effects (font (size 1 1) (thickness 0.15)))
    )
    (fp_text value RJ45_Shielded_1 (at 3.56 9.5 90) (layer F.Fab)
      (effects (font (size 1 1) (thickness 0.15)))
    )
    (fp_text user %R (at 3.56 -6 90) (layer F.Fab)
      (effects (font (size 1 1) (thickness 0.15)))
    )
    (fp_line (start -4.695 -7) (end -4.695 7.75) (layer F.Fab) (width 0.1))
    (fp_line (start -4.695 7.75) (end 11.815 7.75) (layer F.Fab) (width 0.1))
    (fp_line (start -3.695 -8) (end 11.815 -8) (layer F.Fab) (width 0.1))
    (fp_line (start 11.815 -8) (end 11.815 7.75) (layer F.Fab) (width 0.1))
    (fp_line (start -4.76 -8.11) (end 11.88 -8.11) (layer F.SilkS) (width 0.12))
    (fp_line (start -4.805 -8.11) (end -4.805 -0.5) (layer F.SilkS) (width 0.12))
    (fp_line (start 11.925 -8.11) (end 11.925 -0.5) (layer F.SilkS) (width 0.12))
    (fp_line (start -4.76 7.86) (end 11.925 7.86) (layer F.SilkS) (width 0.12))
    (fp_line (start -4.805 7.86) (end -4.805 2.3) (layer F.SilkS) (width 0.12))
    (fp_line (start 11.925 7.86) (end 11.925 2.3) (layer F.SilkS) (width 0.12))
    (fp_line (start -4.695 -7) (end -3.695 -8) (layer F.Fab) (width 0.1))
    (fp_line (start -6.22 -8.5) (end 13.34 -8.5) (layer F.CrtYd) (width 0.05))
    (fp_line (start -6.22 -8.5) (end -6.22 8.25) (layer F.CrtYd) (width 0.05))
    (fp_line (start -6.22 8.25) (end 13.34 8.25) (layer F.CrtYd) (width 0.05))
    (fp_line (start 13.34 -8.5) (end 13.34 8.25) (layer F.CrtYd) (width 0.05))
    (fp_line (start -5 -0.7) (end -5.5 -0.2) (layer F.SilkS) (width 0.12))
    (fp_line (start -5.5 -0.2) (end -5.5 -1.2) (layer F.SilkS) (width 0.12))
    (fp_line (start -5.5 -1.2) (end -5 -0.7) (layer F.SilkS) (width 0.12))
    (pad SH thru_hole circle (at -4.57 0.89 270) (size 2.3 2.3) (drill 1.57) (layers *.Cu *.Mask)
      (net 35 "Net-(J102-PadSH)"))
    (pad SH thru_hole circle (at 11.69 0.89 270) (size 2.3 2.3) (drill 1.57) (layers *.Cu *.Mask)
      (net 35 "Net-(J102-PadSH)"))
    (pad "" np_thru_hole circle (at 9.91 -2.54 270) (size 3.25 3.25) (drill 3.25) (layers *.Cu *.Mask))
    (pad "" np_thru_hole circle (at -2.79 -2.54 270) (size 3.25 3.25) (drill 3.25) (layers *.Cu *.Mask))
    (pad 8 thru_hole circle (at 7.112 1.78 270) (size 1.5 1.5) (drill 0.89) (layers *.Cu *.Mask)
      (net 34 /Transformer/isoSPI_OUT-_Header))
    (pad 6 thru_hole circle (at 5.08 1.78 270) (size 1.5 1.5) (drill 0.89) (layers *.Cu *.Mask)
      (net 33 "Net-(J102-Pad6)"))
    (pad 4 thru_hole circle (at 3.048 1.78 270) (size 1.5 1.5) (drill 0.89) (layers *.Cu *.Mask)
      (net 39 "Net-(J102-Pad4)"))
    (pad 2 thru_hole circle (at 1.016 1.78 270) (size 1.5 1.5) (drill 0.89) (layers *.Cu *.Mask)
      (net 36 "Net-(J102-Pad2)"))
    (pad 7 thru_hole circle (at 6.096 0 270) (size 1.5 1.5) (drill 0.89) (layers *.Cu *.Mask)
      (net 38 /Transformer/isoSPI_OUT+_Header))
    (pad 5 thru_hole circle (at 4.064 0 270) (size 1.5 1.5) (drill 0.89) (layers *.Cu *.Mask)
      (net 40 "Net-(J102-Pad5)"))
    (pad 3 thru_hole circle (at 2.032 0 270) (size 1.5 1.5) (drill 0.89) (layers *.Cu *.Mask)
      (net 41 "Net-(J102-Pad3)"))
    (pad 1 thru_hole rect (at 0 0 270) (size 1.5 1.5) (drill 0.89) (layers *.Cu *.Mask)
      (net 37 "Net-(J102-Pad1)"))
    (model ${KISYS3DMOD}/Connector_RJ.3dshapes/RJ45_Amphenol_RJHSE5380.wrl
      (at (xyz 0 0 0))
      (scale (xyz 1 1 1))
      (rotate (xyz 0 0 0))
    )
    (model ${KISYS3DMOD}/Connector_RJ.3dshapes/RJ45_Amphenol_RJHSE538X.step
      (at (xyz 0 0 0))
      (scale (xyz 1 1 1))
      (rotate (xyz 0 0 0))
    )
  )

  (module Connector_RJ:RJ45_Amphenol_RJHSE5380 (layer F.Cu) (tedit 5DC08C43) (tstamp 5F9F671D)
    (at 102.108 164.211 90)
    (descr "Shielded, https://www.amphenolcanada.com/ProductSearch/drawings/AC/RJHSE538X.pdf")
    (tags "RJ45 8p8c ethernet cat5")
    (path /5FC50FC7)
    (fp_text reference J104 (at 3.56 -9.5 90) (layer F.SilkS)
      (effects (font (size 1 1) (thickness 0.15)))
    )
    (fp_text value RJ45_Shielded_2 (at 3.56 9.5 90) (layer F.Fab)
      (effects (font (size 1 1) (thickness 0.15)))
    )
    (fp_text user %R (at 3.56 -6 90) (layer F.Fab)
      (effects (font (size 1 1) (thickness 0.15)))
    )
    (fp_line (start -4.695 -7) (end -4.695 7.75) (layer F.Fab) (width 0.1))
    (fp_line (start -4.695 7.75) (end 11.815 7.75) (layer F.Fab) (width 0.1))
    (fp_line (start -3.695 -8) (end 11.815 -8) (layer F.Fab) (width 0.1))
    (fp_line (start 11.815 -8) (end 11.815 7.75) (layer F.Fab) (width 0.1))
    (fp_line (start -4.76 -8.11) (end 11.88 -8.11) (layer F.SilkS) (width 0.12))
    (fp_line (start -4.805 -8.11) (end -4.805 -0.5) (layer F.SilkS) (width 0.12))
    (fp_line (start 11.925 -8.11) (end 11.925 -0.5) (layer F.SilkS) (width 0.12))
    (fp_line (start -4.76 7.86) (end 11.925 7.86) (layer F.SilkS) (width 0.12))
    (fp_line (start -4.805 7.86) (end -4.805 2.3) (layer F.SilkS) (width 0.12))
    (fp_line (start 11.925 7.86) (end 11.925 2.3) (layer F.SilkS) (width 0.12))
    (fp_line (start -4.695 -7) (end -3.695 -8) (layer F.Fab) (width 0.1))
    (fp_line (start -6.22 -8.5) (end 13.34 -8.5) (layer F.CrtYd) (width 0.05))
    (fp_line (start -6.22 -8.5) (end -6.22 8.25) (layer F.CrtYd) (width 0.05))
    (fp_line (start -6.22 8.25) (end 13.34 8.25) (layer F.CrtYd) (width 0.05))
    (fp_line (start 13.34 -8.5) (end 13.34 8.25) (layer F.CrtYd) (width 0.05))
    (fp_line (start -5 -0.7) (end -5.5 -0.2) (layer F.SilkS) (width 0.12))
    (fp_line (start -5.5 -0.2) (end -5.5 -1.2) (layer F.SilkS) (width 0.12))
    (fp_line (start -5.5 -1.2) (end -5 -0.7) (layer F.SilkS) (width 0.12))
    (pad SH thru_hole circle (at -4.57 0.89 90) (size 2.3 2.3) (drill 1.57) (layers *.Cu *.Mask)
      (net 44 "Net-(J104-PadSH)"))
    (pad SH thru_hole circle (at 11.69 0.89 90) (size 2.3 2.3) (drill 1.57) (layers *.Cu *.Mask)
      (net 44 "Net-(J104-PadSH)"))
    (pad "" np_thru_hole circle (at 9.91 -2.54 90) (size 3.25 3.25) (drill 3.25) (layers *.Cu *.Mask))
    (pad "" np_thru_hole circle (at -2.79 -2.54 90) (size 3.25 3.25) (drill 3.25) (layers *.Cu *.Mask))
    (pad 8 thru_hole circle (at 7.112 1.78 90) (size 1.5 1.5) (drill 0.89) (layers *.Cu *.Mask)
      (net 43 /Transformer/isoSPI_IN-_Header))
    (pad 6 thru_hole circle (at 5.08 1.78 90) (size 1.5 1.5) (drill 0.89) (layers *.Cu *.Mask)
      (net 42 "Net-(J104-Pad6)"))
    (pad 4 thru_hole circle (at 3.048 1.78 90) (size 1.5 1.5) (drill 0.89) (layers *.Cu *.Mask)
      (net 48 "Net-(J104-Pad4)"))
    (pad 2 thru_hole circle (at 1.016 1.78 90) (size 1.5 1.5) (drill 0.89) (layers *.Cu *.Mask)
      (net 45 "Net-(J104-Pad2)"))
    (pad 7 thru_hole circle (at 6.096 0 90) (size 1.5 1.5) (drill 0.89) (layers *.Cu *.Mask)
      (net 47 /Transformer/isoSPI_IN+_Header))
    (pad 5 thru_hole circle (at 4.064 0 90) (size 1.5 1.5) (drill 0.89) (layers *.Cu *.Mask)
      (net 49 "Net-(J104-Pad5)"))
    (pad 3 thru_hole circle (at 2.032 0 90) (size 1.5 1.5) (drill 0.89) (layers *.Cu *.Mask)
      (net 50 "Net-(J104-Pad3)"))
    (pad 1 thru_hole rect (at 0 0 90) (size 1.5 1.5) (drill 0.89) (layers *.Cu *.Mask)
      (net 46 "Net-(J104-Pad1)"))
    (model ${KISYS3DMOD}/Connector_RJ.3dshapes/RJ45_Amphenol_RJHSE5380.wrl
      (at (xyz 0 0 0))
      (scale (xyz 1 1 1))
      (rotate (xyz 0 0 0))
    )
    (model ${KISYS3DMOD}/Connector_RJ.3dshapes/RJ45_Amphenol_RJHSE538X.step
      (at (xyz 0 0 0))
      (scale (xyz 1 1 1))
      (rotate (xyz 0 0 0))
    )
  )

  (module MountingHole:MountingHole_3.2mm_M3_DIN965 (layer F.Cu) (tedit 56D1B4CB) (tstamp 5FA108B6)
    (at 130.683 146.05)
    (descr "Mounting Hole 3.2mm, no annular, M3, DIN965")
    (tags "mounting hole 3.2mm no annular m3 din965")
    (path /5FD2831E)
    (attr virtual)
    (fp_text reference H104 (at 0 -3.8) (layer F.SilkS)
      (effects (font (size 1 1) (thickness 0.15)))
    )
    (fp_text value MountingHole (at 0 3.8) (layer F.Fab)
      (effects (font (size 1 1) (thickness 0.15)))
    )
    (fp_circle (center 0 0) (end 3.05 0) (layer F.CrtYd) (width 0.05))
    (fp_circle (center 0 0) (end 2.8 0) (layer Cmts.User) (width 0.15))
    (fp_text user %R (at 0.3 0) (layer F.Fab)
      (effects (font (size 1 1) (thickness 0.15)))
    )
    (pad 1 np_thru_hole circle (at 0 0) (size 3.2 3.2) (drill 3.2) (layers *.Cu *.Mask))
  )

  (module MountingHole:MountingHole_3.2mm_M3_DIN965 (layer F.Cu) (tedit 56D1B4CB) (tstamp 5FA0BC11)
    (at 139.827 109.22)
    (descr "Mounting Hole 3.2mm, no annular, M3, DIN965")
    (tags "mounting hole 3.2mm no annular m3 din965")
    (path /5FD2804E)
    (attr virtual)
    (fp_text reference H103 (at 0 -3.8) (layer F.SilkS)
      (effects (font (size 1 1) (thickness 0.15)))
    )
    (fp_text value MountingHole (at 0 3.8) (layer F.Fab)
      (effects (font (size 1 1) (thickness 0.15)))
    )
    (fp_circle (center 0 0) (end 3.05 0) (layer F.CrtYd) (width 0.05))
    (fp_circle (center 0 0) (end 2.8 0) (layer Cmts.User) (width 0.15))
    (fp_text user %R (at 0.3 0) (layer F.Fab)
      (effects (font (size 1 1) (thickness 0.15)))
    )
    (pad 1 np_thru_hole circle (at 0 0) (size 3.2 3.2) (drill 3.2) (layers *.Cu *.Mask))
  )

  (module MountingHole:MountingHole_3.2mm_M3_DIN965 (layer F.Cu) (tedit 56D1B4CB) (tstamp 5FA108DA)
    (at 104.394 146.05)
    (descr "Mounting Hole 3.2mm, no annular, M3, DIN965")
    (tags "mounting hole 3.2mm no annular m3 din965")
    (path /5FD27D62)
    (attr virtual)
    (fp_text reference H102 (at 0 -3.8) (layer F.SilkS)
      (effects (font (size 1 1) (thickness 0.15)))
    )
    (fp_text value MountingHole (at 0 3.8) (layer F.Fab)
      (effects (font (size 1 1) (thickness 0.15)))
    )
    (fp_circle (center 0 0) (end 3.05 0) (layer F.CrtYd) (width 0.05))
    (fp_circle (center 0 0) (end 2.8 0) (layer Cmts.User) (width 0.15))
    (fp_text user %R (at 0.3 0) (layer F.Fab)
      (effects (font (size 1 1) (thickness 0.15)))
    )
    (pad 1 np_thru_hole circle (at 0 0) (size 3.2 3.2) (drill 3.2) (layers *.Cu *.Mask))
  )

  (module MountingHole:MountingHole_3.2mm_M3_DIN965 (layer F.Cu) (tedit 56D1B4CB) (tstamp 5FA0C393)
    (at 95.25 109.093)
    (descr "Mounting Hole 3.2mm, no annular, M3, DIN965")
    (tags "mounting hole 3.2mm no annular m3 din965")
    (path /5FD26B3A)
    (attr virtual)
    (fp_text reference H101 (at 0 -3.8) (layer F.SilkS)
      (effects (font (size 1 1) (thickness 0.15)))
    )
    (fp_text value MountingHole (at 0 3.8) (layer F.Fab)
      (effects (font (size 1 1) (thickness 0.15)))
    )
    (fp_circle (center 0 0) (end 3.05 0) (layer F.CrtYd) (width 0.05))
    (fp_circle (center 0 0) (end 2.8 0) (layer Cmts.User) (width 0.15))
    (fp_text user %R (at 0.3 0) (layer F.Fab)
      (effects (font (size 1 1) (thickness 0.15)))
    )
    (pad 1 np_thru_hole circle (at 0 0) (size 3.2 3.2) (drill 3.2) (layers *.Cu *.Mask))
  )

  (module mytransformer:SOP200P1543X320-12N (layer F.Cu) (tedit 5F91ABAF) (tstamp 5F9F690F)
    (at 117.729 141.986 270)
    (descr HM2112ZNL-)
    (tags Transformer)
    (path /5FBDE84B/5FBDFD8A)
    (attr smd)
    (fp_text reference T301 (at 0 0 90) (layer F.SilkS)
      (effects (font (size 1.27 1.27) (thickness 0.254)))
    )
    (fp_text value HM2112ZNL (at 0 0 90) (layer F.SilkS) hide
      (effects (font (size 1.27 1.27) (thickness 0.254)))
    )
    (fp_line (start -8.575 -7.725) (end 8.575 -7.725) (layer Dwgs.User) (width 0.05))
    (fp_line (start 8.575 -7.725) (end 8.575 7.725) (layer Dwgs.User) (width 0.05))
    (fp_line (start 8.575 7.725) (end -8.575 7.725) (layer Dwgs.User) (width 0.05))
    (fp_line (start -8.575 7.725) (end -8.575 -7.725) (layer Dwgs.User) (width 0.05))
    (fp_line (start -6.075 -7.35) (end 6.075 -7.35) (layer Dwgs.User) (width 0.1))
    (fp_line (start 6.075 -7.35) (end 6.075 7.35) (layer Dwgs.User) (width 0.1))
    (fp_line (start 6.075 7.35) (end -6.075 7.35) (layer Dwgs.User) (width 0.1))
    (fp_line (start -6.075 7.35) (end -6.075 -7.35) (layer Dwgs.User) (width 0.1))
    (fp_line (start -6.075 -5.35) (end -4.075 -7.35) (layer Dwgs.User) (width 0.1))
    (fp_line (start -5.775 -7.35) (end 5.775 -7.35) (layer F.SilkS) (width 0.2))
    (fp_line (start 5.775 -7.35) (end 5.775 7.35) (layer F.SilkS) (width 0.2))
    (fp_line (start 5.775 7.35) (end -5.775 7.35) (layer F.SilkS) (width 0.2))
    (fp_line (start -5.775 7.35) (end -5.775 -7.35) (layer F.SilkS) (width 0.2))
    (fp_line (start -8.325 -5.75) (end -6.125 -5.75) (layer F.SilkS) (width 0.2))
    (pad 12 smd rect (at 7.225 -5) (size 0.8 2.2) (layers F.Cu F.Paste F.Mask)
      (net 38 /Transformer/isoSPI_OUT+_Header))
    (pad 11 smd rect (at 7.225 -3) (size 0.8 2.2) (layers F.Cu F.Paste F.Mask)
      (net 51 "Net-(T301-Pad11)"))
    (pad 10 smd rect (at 7.225 -1) (size 0.8 2.2) (layers F.Cu F.Paste F.Mask)
      (net 34 /Transformer/isoSPI_OUT-_Header))
    (pad 9 smd rect (at 7.225 1) (size 0.8 2.2) (layers F.Cu F.Paste F.Mask)
      (net 47 /Transformer/isoSPI_IN+_Header))
    (pad 8 smd rect (at 7.225 3) (size 0.8 2.2) (layers F.Cu F.Paste F.Mask)
      (net 52 "Net-(T301-Pad8)"))
    (pad 7 smd rect (at 7.225 5) (size 0.8 2.2) (layers F.Cu F.Paste F.Mask)
      (net 43 /Transformer/isoSPI_IN-_Header))
    (pad 6 smd rect (at -7.225 5) (size 0.8 2.2) (layers F.Cu F.Paste F.Mask)
      (net 14 /SPI_Convert_2/IM))
    (pad 5 smd rect (at -7.225 3) (size 0.8 2.2) (layers F.Cu F.Paste F.Mask)
      (net 6 "Net-(C303-Pad1)"))
    (pad 4 smd rect (at -7.225 1) (size 0.8 2.2) (layers F.Cu F.Paste F.Mask)
      (net 15 /SPI_Convert_2/IP))
    (pad 3 smd rect (at -7.225 -1) (size 0.8 2.2) (layers F.Cu F.Paste F.Mask)
      (net 10 /SPI_Convert_1/IM))
    (pad 2 smd rect (at -7.225 -3) (size 0.8 2.2) (layers F.Cu F.Paste F.Mask)
      (net 5 "Net-(C302-Pad1)"))
    (pad 1 smd rect (at -7.225 -5) (size 0.8 2.2) (layers F.Cu F.Paste F.Mask)
      (net 11 /SPI_Convert_1/IP))
  )

  (module Resistor_SMD:R_0805_2012Metric_Pad1.20x1.40mm_HandSolder (layer B.Cu) (tedit 5F68FEEE) (tstamp 5F9F68F1)
    (at 98.171 99.187 180)
    (descr "Resistor SMD 0805 (2012 Metric), square (rectangular) end terminal, IPC_7351 nominal with elongated pad for handsoldering. (Body size source: IPC-SM-782 page 72, https://www.pcb-3d.com/wordpress/wp-content/uploads/ipc-sm-782a_amendment_1_and_2.pdf), generated with kicad-footprint-generator")
    (tags "resistor handsolder")
    (path /5FBFC203/5FB39017)
    (attr smd)
    (fp_text reference R403 (at 0 -1.778) (layer B.SilkS)
      (effects (font (size 1 1) (thickness 0.15)) (justify mirror))
    )
    (fp_text value 1k (at 0 -1.65) (layer B.Fab)
      (effects (font (size 1 1) (thickness 0.15)) (justify mirror))
    )
    (fp_line (start -1 -0.625) (end -1 0.625) (layer B.Fab) (width 0.1))
    (fp_line (start -1 0.625) (end 1 0.625) (layer B.Fab) (width 0.1))
    (fp_line (start 1 0.625) (end 1 -0.625) (layer B.Fab) (width 0.1))
    (fp_line (start 1 -0.625) (end -1 -0.625) (layer B.Fab) (width 0.1))
    (fp_line (start -0.227064 0.735) (end 0.227064 0.735) (layer B.SilkS) (width 0.12))
    (fp_line (start -0.227064 -0.735) (end 0.227064 -0.735) (layer B.SilkS) (width 0.12))
    (fp_line (start -1.85 -0.95) (end -1.85 0.95) (layer B.CrtYd) (width 0.05))
    (fp_line (start -1.85 0.95) (end 1.85 0.95) (layer B.CrtYd) (width 0.05))
    (fp_line (start 1.85 0.95) (end 1.85 -0.95) (layer B.CrtYd) (width 0.05))
    (fp_line (start 1.85 -0.95) (end -1.85 -0.95) (layer B.CrtYd) (width 0.05))
    (fp_text user %R (at 0 0) (layer B.Fab)
      (effects (font (size 0.5 0.5) (thickness 0.08)) (justify mirror))
    )
    (pad 2 smd roundrect (at 1 0 180) (size 1.2 1.4) (layers B.Cu B.Paste B.Mask) (roundrect_rratio 0.208333)
      (net 2 GND))
    (pad 1 smd roundrect (at -1 0 180) (size 1.2 1.4) (layers B.Cu B.Paste B.Mask) (roundrect_rratio 0.208333)
      (net 27 /SPI_Convert_2/ICMP))
    (model ${KISYS3DMOD}/Resistor_SMD.3dshapes/R_0805_2012Metric.wrl
      (at (xyz 0 0 0))
      (scale (xyz 1 1 1))
      (rotate (xyz 0 0 0))
    )
  )

  (module Resistor_SMD:R_0805_2012Metric_Pad1.20x1.40mm_HandSolder (layer B.Cu) (tedit 5F68FEEE) (tstamp 5F9F68E0)
    (at 98.171 97.155 180)
    (descr "Resistor SMD 0805 (2012 Metric), square (rectangular) end terminal, IPC_7351 nominal with elongated pad for handsoldering. (Body size source: IPC-SM-782 page 72, https://www.pcb-3d.com/wordpress/wp-content/uploads/ipc-sm-782a_amendment_1_and_2.pdf), generated with kicad-footprint-generator")
    (tags "resistor handsolder")
    (path /5FBFC203/5FB39011)
    (attr smd)
    (fp_text reference R402 (at 0 1.65) (layer B.SilkS)
      (effects (font (size 1 1) (thickness 0.15)) (justify mirror))
    )
    (fp_text value 1k (at 0 -1.65) (layer B.Fab)
      (effects (font (size 1 1) (thickness 0.15)) (justify mirror))
    )
    (fp_line (start -1 -0.625) (end -1 0.625) (layer B.Fab) (width 0.1))
    (fp_line (start -1 0.625) (end 1 0.625) (layer B.Fab) (width 0.1))
    (fp_line (start 1 0.625) (end 1 -0.625) (layer B.Fab) (width 0.1))
    (fp_line (start 1 -0.625) (end -1 -0.625) (layer B.Fab) (width 0.1))
    (fp_line (start -0.227064 0.735) (end 0.227064 0.735) (layer B.SilkS) (width 0.12))
    (fp_line (start -0.227064 -0.735) (end 0.227064 -0.735) (layer B.SilkS) (width 0.12))
    (fp_line (start -1.85 -0.95) (end -1.85 0.95) (layer B.CrtYd) (width 0.05))
    (fp_line (start -1.85 0.95) (end 1.85 0.95) (layer B.CrtYd) (width 0.05))
    (fp_line (start 1.85 0.95) (end 1.85 -0.95) (layer B.CrtYd) (width 0.05))
    (fp_line (start 1.85 -0.95) (end -1.85 -0.95) (layer B.CrtYd) (width 0.05))
    (fp_text user %R (at 0 0) (layer B.Fab)
      (effects (font (size 0.5 0.5) (thickness 0.08)) (justify mirror))
    )
    (pad 2 smd roundrect (at 1 0 180) (size 1.2 1.4) (layers B.Cu B.Paste B.Mask) (roundrect_rratio 0.208333)
      (net 27 /SPI_Convert_2/ICMP))
    (pad 1 smd roundrect (at -1 0 180) (size 1.2 1.4) (layers B.Cu B.Paste B.Mask) (roundrect_rratio 0.208333)
      (net 26 /SPI_Convert_2/IBIAS))
    (model ${KISYS3DMOD}/Resistor_SMD.3dshapes/R_0805_2012Metric.wrl
      (at (xyz 0 0 0))
      (scale (xyz 1 1 1))
      (rotate (xyz 0 0 0))
    )
  )

  (module Resistor_SMD:R_0805_2012Metric_Pad1.20x1.40mm_HandSolder (layer B.Cu) (tedit 5F68FEEE) (tstamp 5F9F6EB6)
    (at 110.617 98.679 270)
    (descr "Resistor SMD 0805 (2012 Metric), square (rectangular) end terminal, IPC_7351 nominal with elongated pad for handsoldering. (Body size source: IPC-SM-782 page 72, https://www.pcb-3d.com/wordpress/wp-content/uploads/ipc-sm-782a_amendment_1_and_2.pdf), generated with kicad-footprint-generator")
    (tags "resistor handsolder")
    (path /5FBFC203/5FB39109)
    (attr smd)
    (fp_text reference R401 (at 0 1.65 270) (layer B.SilkS)
      (effects (font (size 1 1) (thickness 0.15)) (justify mirror))
    )
    (fp_text value 2k (at 0 -1.65 270) (layer B.Fab)
      (effects (font (size 1 1) (thickness 0.15)) (justify mirror))
    )
    (fp_line (start -1 -0.625) (end -1 0.625) (layer B.Fab) (width 0.1))
    (fp_line (start -1 0.625) (end 1 0.625) (layer B.Fab) (width 0.1))
    (fp_line (start 1 0.625) (end 1 -0.625) (layer B.Fab) (width 0.1))
    (fp_line (start 1 -0.625) (end -1 -0.625) (layer B.Fab) (width 0.1))
    (fp_line (start -0.227064 0.735) (end 0.227064 0.735) (layer B.SilkS) (width 0.12))
    (fp_line (start -0.227064 -0.735) (end 0.227064 -0.735) (layer B.SilkS) (width 0.12))
    (fp_line (start -1.85 -0.95) (end -1.85 0.95) (layer B.CrtYd) (width 0.05))
    (fp_line (start -1.85 0.95) (end 1.85 0.95) (layer B.CrtYd) (width 0.05))
    (fp_line (start 1.85 0.95) (end 1.85 -0.95) (layer B.CrtYd) (width 0.05))
    (fp_line (start 1.85 -0.95) (end -1.85 -0.95) (layer B.CrtYd) (width 0.05))
    (fp_text user %R (at 0 0 270) (layer B.Fab)
      (effects (font (size 0.5 0.5) (thickness 0.08)) (justify mirror))
    )
    (pad 2 smd roundrect (at 1 0 270) (size 1.2 1.4) (layers B.Cu B.Paste B.Mask) (roundrect_rratio 0.208333)
      (net 23 SDO))
    (pad 1 smd roundrect (at -1 0 270) (size 1.2 1.4) (layers B.Cu B.Paste B.Mask) (roundrect_rratio 0.208333)
      (net 3 V_SPI))
    (model ${KISYS3DMOD}/Resistor_SMD.3dshapes/R_0805_2012Metric.wrl
      (at (xyz 0 0 0))
      (scale (xyz 1 1 1))
      (rotate (xyz 0 0 0))
    )
  )

  (module Resistor_SMD:R_0805_2012Metric_Pad1.20x1.40mm_HandSolder (layer F.Cu) (tedit 5F68FEEE) (tstamp 5F9F68BE)
    (at 111.633 125.73 90)
    (descr "Resistor SMD 0805 (2012 Metric), square (rectangular) end terminal, IPC_7351 nominal with elongated pad for handsoldering. (Body size source: IPC-SM-782 page 72, https://www.pcb-3d.com/wordpress/wp-content/uploads/ipc-sm-782a_amendment_1_and_2.pdf), generated with kicad-footprint-generator")
    (tags "resistor handsolder")
    (path /5FBDE84B/5FBE7F4A)
    (attr smd)
    (fp_text reference R304 (at 0 -1.65 90) (layer F.SilkS)
      (effects (font (size 1 1) (thickness 0.15)))
    )
    (fp_text value 49.9 (at 0 1.65 90) (layer F.Fab)
      (effects (font (size 1 1) (thickness 0.15)))
    )
    (fp_line (start -1 0.625) (end -1 -0.625) (layer F.Fab) (width 0.1))
    (fp_line (start -1 -0.625) (end 1 -0.625) (layer F.Fab) (width 0.1))
    (fp_line (start 1 -0.625) (end 1 0.625) (layer F.Fab) (width 0.1))
    (fp_line (start 1 0.625) (end -1 0.625) (layer F.Fab) (width 0.1))
    (fp_line (start -0.227064 -0.735) (end 0.227064 -0.735) (layer F.SilkS) (width 0.12))
    (fp_line (start -0.227064 0.735) (end 0.227064 0.735) (layer F.SilkS) (width 0.12))
    (fp_line (start -1.85 0.95) (end -1.85 -0.95) (layer F.CrtYd) (width 0.05))
    (fp_line (start -1.85 -0.95) (end 1.85 -0.95) (layer F.CrtYd) (width 0.05))
    (fp_line (start 1.85 -0.95) (end 1.85 0.95) (layer F.CrtYd) (width 0.05))
    (fp_line (start 1.85 0.95) (end -1.85 0.95) (layer F.CrtYd) (width 0.05))
    (fp_text user %R (at 0 0 90) (layer F.Fab)
      (effects (font (size 0.5 0.5) (thickness 0.08)))
    )
    (pad 2 smd roundrect (at 1 0 90) (size 1.2 1.4) (layers F.Cu F.Paste F.Mask) (roundrect_rratio 0.208333)
      (net 7 "Net-(C304-Pad1)"))
    (pad 1 smd roundrect (at -1 0 90) (size 1.2 1.4) (layers F.Cu F.Paste F.Mask) (roundrect_rratio 0.208333)
      (net 14 /SPI_Convert_2/IM))
    (model ${KISYS3DMOD}/Resistor_SMD.3dshapes/R_0805_2012Metric.wrl
      (at (xyz 0 0 0))
      (scale (xyz 1 1 1))
      (rotate (xyz 0 0 0))
    )
  )

  (module Resistor_SMD:R_0805_2012Metric_Pad1.20x1.40mm_HandSolder (layer F.Cu) (tedit 5F68FEEE) (tstamp 5F9F767B)
    (at 114.681 124.714)
    (descr "Resistor SMD 0805 (2012 Metric), square (rectangular) end terminal, IPC_7351 nominal with elongated pad for handsoldering. (Body size source: IPC-SM-782 page 72, https://www.pcb-3d.com/wordpress/wp-content/uploads/ipc-sm-782a_amendment_1_and_2.pdf), generated with kicad-footprint-generator")
    (tags "resistor handsolder")
    (path /5FBDE84B/5FBE7F44)
    (attr smd)
    (fp_text reference R303 (at 0.889 -1.65) (layer F.SilkS)
      (effects (font (size 1 1) (thickness 0.15)))
    )
    (fp_text value 49.9 (at 0 1.65) (layer F.Fab)
      (effects (font (size 1 1) (thickness 0.15)))
    )
    (fp_line (start -1 0.625) (end -1 -0.625) (layer F.Fab) (width 0.1))
    (fp_line (start -1 -0.625) (end 1 -0.625) (layer F.Fab) (width 0.1))
    (fp_line (start 1 -0.625) (end 1 0.625) (layer F.Fab) (width 0.1))
    (fp_line (start 1 0.625) (end -1 0.625) (layer F.Fab) (width 0.1))
    (fp_line (start -0.227064 -0.735) (end 0.227064 -0.735) (layer F.SilkS) (width 0.12))
    (fp_line (start -0.227064 0.735) (end 0.227064 0.735) (layer F.SilkS) (width 0.12))
    (fp_line (start -1.85 0.95) (end -1.85 -0.95) (layer F.CrtYd) (width 0.05))
    (fp_line (start -1.85 -0.95) (end 1.85 -0.95) (layer F.CrtYd) (width 0.05))
    (fp_line (start 1.85 -0.95) (end 1.85 0.95) (layer F.CrtYd) (width 0.05))
    (fp_line (start 1.85 0.95) (end -1.85 0.95) (layer F.CrtYd) (width 0.05))
    (fp_text user %R (at 0 0) (layer F.Fab)
      (effects (font (size 0.5 0.5) (thickness 0.08)))
    )
    (pad 2 smd roundrect (at 1 0) (size 1.2 1.4) (layers F.Cu F.Paste F.Mask) (roundrect_rratio 0.208333)
      (net 15 /SPI_Convert_2/IP))
    (pad 1 smd roundrect (at -1 0) (size 1.2 1.4) (layers F.Cu F.Paste F.Mask) (roundrect_rratio 0.208333)
      (net 7 "Net-(C304-Pad1)"))
    (model ${KISYS3DMOD}/Resistor_SMD.3dshapes/R_0805_2012Metric.wrl
      (at (xyz 0 0 0))
      (scale (xyz 1 1 1))
      (rotate (xyz 0 0 0))
    )
  )

  (module Resistor_SMD:R_0805_2012Metric_Pad1.20x1.40mm_HandSolder (layer F.Cu) (tedit 5F68FEEE) (tstamp 5F9F689C)
    (at 120.269 124.714)
    (descr "Resistor SMD 0805 (2012 Metric), square (rectangular) end terminal, IPC_7351 nominal with elongated pad for handsoldering. (Body size source: IPC-SM-782 page 72, https://www.pcb-3d.com/wordpress/wp-content/uploads/ipc-sm-782a_amendment_1_and_2.pdf), generated with kicad-footprint-generator")
    (tags "resistor handsolder")
    (path /5FBDE84B/5FBE4DBA)
    (attr smd)
    (fp_text reference R302 (at -0.889 -1.65) (layer F.SilkS)
      (effects (font (size 1 1) (thickness 0.15)))
    )
    (fp_text value 49.9 (at 0 1.65) (layer F.Fab)
      (effects (font (size 1 1) (thickness 0.15)))
    )
    (fp_line (start -1 0.625) (end -1 -0.625) (layer F.Fab) (width 0.1))
    (fp_line (start -1 -0.625) (end 1 -0.625) (layer F.Fab) (width 0.1))
    (fp_line (start 1 -0.625) (end 1 0.625) (layer F.Fab) (width 0.1))
    (fp_line (start 1 0.625) (end -1 0.625) (layer F.Fab) (width 0.1))
    (fp_line (start -0.227064 -0.735) (end 0.227064 -0.735) (layer F.SilkS) (width 0.12))
    (fp_line (start -0.227064 0.735) (end 0.227064 0.735) (layer F.SilkS) (width 0.12))
    (fp_line (start -1.85 0.95) (end -1.85 -0.95) (layer F.CrtYd) (width 0.05))
    (fp_line (start -1.85 -0.95) (end 1.85 -0.95) (layer F.CrtYd) (width 0.05))
    (fp_line (start 1.85 -0.95) (end 1.85 0.95) (layer F.CrtYd) (width 0.05))
    (fp_line (start 1.85 0.95) (end -1.85 0.95) (layer F.CrtYd) (width 0.05))
    (fp_text user %R (at 0 0) (layer F.Fab)
      (effects (font (size 0.5 0.5) (thickness 0.08)))
    )
    (pad 2 smd roundrect (at 1 0) (size 1.2 1.4) (layers F.Cu F.Paste F.Mask) (roundrect_rratio 0.208333)
      (net 4 "Net-(C301-Pad1)"))
    (pad 1 smd roundrect (at -1 0) (size 1.2 1.4) (layers F.Cu F.Paste F.Mask) (roundrect_rratio 0.208333)
      (net 10 /SPI_Convert_1/IM))
    (model ${KISYS3DMOD}/Resistor_SMD.3dshapes/R_0805_2012Metric.wrl
      (at (xyz 0 0 0))
      (scale (xyz 1 1 1))
      (rotate (xyz 0 0 0))
    )
  )

  (module Resistor_SMD:R_0805_2012Metric_Pad1.20x1.40mm_HandSolder (layer F.Cu) (tedit 5F68FEEE) (tstamp 5F9F688B)
    (at 123.317 125.73 270)
    (descr "Resistor SMD 0805 (2012 Metric), square (rectangular) end terminal, IPC_7351 nominal with elongated pad for handsoldering. (Body size source: IPC-SM-782 page 72, https://www.pcb-3d.com/wordpress/wp-content/uploads/ipc-sm-782a_amendment_1_and_2.pdf), generated with kicad-footprint-generator")
    (tags "resistor handsolder")
    (path /5FBDE84B/5FBE47DA)
    (attr smd)
    (fp_text reference R301 (at 0 -1.65 90) (layer F.SilkS)
      (effects (font (size 1 1) (thickness 0.15)))
    )
    (fp_text value 49.9 (at 0 1.65 90) (layer F.Fab)
      (effects (font (size 1 1) (thickness 0.15)))
    )
    (fp_line (start -1 0.625) (end -1 -0.625) (layer F.Fab) (width 0.1))
    (fp_line (start -1 -0.625) (end 1 -0.625) (layer F.Fab) (width 0.1))
    (fp_line (start 1 -0.625) (end 1 0.625) (layer F.Fab) (width 0.1))
    (fp_line (start 1 0.625) (end -1 0.625) (layer F.Fab) (width 0.1))
    (fp_line (start -0.227064 -0.735) (end 0.227064 -0.735) (layer F.SilkS) (width 0.12))
    (fp_line (start -0.227064 0.735) (end 0.227064 0.735) (layer F.SilkS) (width 0.12))
    (fp_line (start -1.85 0.95) (end -1.85 -0.95) (layer F.CrtYd) (width 0.05))
    (fp_line (start -1.85 -0.95) (end 1.85 -0.95) (layer F.CrtYd) (width 0.05))
    (fp_line (start 1.85 -0.95) (end 1.85 0.95) (layer F.CrtYd) (width 0.05))
    (fp_line (start 1.85 0.95) (end -1.85 0.95) (layer F.CrtYd) (width 0.05))
    (fp_text user %R (at 0 0 90) (layer F.Fab)
      (effects (font (size 0.5 0.5) (thickness 0.08)))
    )
    (pad 2 smd roundrect (at 1 0 270) (size 1.2 1.4) (layers F.Cu F.Paste F.Mask) (roundrect_rratio 0.208333)
      (net 11 /SPI_Convert_1/IP))
    (pad 1 smd roundrect (at -1 0 270) (size 1.2 1.4) (layers F.Cu F.Paste F.Mask) (roundrect_rratio 0.208333)
      (net 4 "Net-(C301-Pad1)"))
    (model ${KISYS3DMOD}/Resistor_SMD.3dshapes/R_0805_2012Metric.wrl
      (at (xyz 0 0 0))
      (scale (xyz 1 1 1))
      (rotate (xyz 0 0 0))
    )
  )

  (module Resistor_SMD:R_0805_2012Metric_Pad1.20x1.40mm_HandSolder (layer F.Cu) (tedit 5F68FEEE) (tstamp 5F9F687A)
    (at 136.398 98.933)
    (descr "Resistor SMD 0805 (2012 Metric), square (rectangular) end terminal, IPC_7351 nominal with elongated pad for handsoldering. (Body size source: IPC-SM-782 page 72, https://www.pcb-3d.com/wordpress/wp-content/uploads/ipc-sm-782a_amendment_1_and_2.pdf), generated with kicad-footprint-generator")
    (tags "resistor handsolder")
    (path /5FB28DB3/5FB39017)
    (attr smd)
    (fp_text reference R203 (at 0 2.032) (layer F.SilkS)
      (effects (font (size 1 1) (thickness 0.15)))
    )
    (fp_text value 1k (at 0 1.65) (layer F.Fab)
      (effects (font (size 1 1) (thickness 0.15)))
    )
    (fp_line (start -1 0.625) (end -1 -0.625) (layer F.Fab) (width 0.1))
    (fp_line (start -1 -0.625) (end 1 -0.625) (layer F.Fab) (width 0.1))
    (fp_line (start 1 -0.625) (end 1 0.625) (layer F.Fab) (width 0.1))
    (fp_line (start 1 0.625) (end -1 0.625) (layer F.Fab) (width 0.1))
    (fp_line (start -0.227064 -0.735) (end 0.227064 -0.735) (layer F.SilkS) (width 0.12))
    (fp_line (start -0.227064 0.735) (end 0.227064 0.735) (layer F.SilkS) (width 0.12))
    (fp_line (start -1.85 0.95) (end -1.85 -0.95) (layer F.CrtYd) (width 0.05))
    (fp_line (start -1.85 -0.95) (end 1.85 -0.95) (layer F.CrtYd) (width 0.05))
    (fp_line (start 1.85 -0.95) (end 1.85 0.95) (layer F.CrtYd) (width 0.05))
    (fp_line (start 1.85 0.95) (end -1.85 0.95) (layer F.CrtYd) (width 0.05))
    (fp_text user %R (at 0 0) (layer F.Fab)
      (effects (font (size 0.5 0.5) (thickness 0.08)))
    )
    (pad 2 smd roundrect (at 1 0) (size 1.2 1.4) (layers F.Cu F.Paste F.Mask) (roundrect_rratio 0.208333)
      (net 2 GND))
    (pad 1 smd roundrect (at -1 0) (size 1.2 1.4) (layers F.Cu F.Paste F.Mask) (roundrect_rratio 0.208333)
      (net 17 /SPI_Convert_1/ICMP))
    (model ${KISYS3DMOD}/Resistor_SMD.3dshapes/R_0805_2012Metric.wrl
      (at (xyz 0 0 0))
      (scale (xyz 1 1 1))
      (rotate (xyz 0 0 0))
    )
  )

  (module Resistor_SMD:R_0805_2012Metric_Pad1.20x1.40mm_HandSolder (layer F.Cu) (tedit 5F68FEEE) (tstamp 5F9F6869)
    (at 136.398 96.901)
    (descr "Resistor SMD 0805 (2012 Metric), square (rectangular) end terminal, IPC_7351 nominal with elongated pad for handsoldering. (Body size source: IPC-SM-782 page 72, https://www.pcb-3d.com/wordpress/wp-content/uploads/ipc-sm-782a_amendment_1_and_2.pdf), generated with kicad-footprint-generator")
    (tags "resistor handsolder")
    (path /5FB28DB3/5FB39011)
    (attr smd)
    (fp_text reference R202 (at 0 -1.65) (layer F.SilkS)
      (effects (font (size 1 1) (thickness 0.15)))
    )
    (fp_text value 1k (at 0 1.65) (layer F.Fab)
      (effects (font (size 1 1) (thickness 0.15)))
    )
    (fp_line (start -1 0.625) (end -1 -0.625) (layer F.Fab) (width 0.1))
    (fp_line (start -1 -0.625) (end 1 -0.625) (layer F.Fab) (width 0.1))
    (fp_line (start 1 -0.625) (end 1 0.625) (layer F.Fab) (width 0.1))
    (fp_line (start 1 0.625) (end -1 0.625) (layer F.Fab) (width 0.1))
    (fp_line (start -0.227064 -0.735) (end 0.227064 -0.735) (layer F.SilkS) (width 0.12))
    (fp_line (start -0.227064 0.735) (end 0.227064 0.735) (layer F.SilkS) (width 0.12))
    (fp_line (start -1.85 0.95) (end -1.85 -0.95) (layer F.CrtYd) (width 0.05))
    (fp_line (start -1.85 -0.95) (end 1.85 -0.95) (layer F.CrtYd) (width 0.05))
    (fp_line (start 1.85 -0.95) (end 1.85 0.95) (layer F.CrtYd) (width 0.05))
    (fp_line (start 1.85 0.95) (end -1.85 0.95) (layer F.CrtYd) (width 0.05))
    (fp_text user %R (at 0 0) (layer F.Fab)
      (effects (font (size 0.5 0.5) (thickness 0.08)))
    )
    (pad 2 smd roundrect (at 1 0) (size 1.2 1.4) (layers F.Cu F.Paste F.Mask) (roundrect_rratio 0.208333)
      (net 17 /SPI_Convert_1/ICMP))
    (pad 1 smd roundrect (at -1 0) (size 1.2 1.4) (layers F.Cu F.Paste F.Mask) (roundrect_rratio 0.208333)
      (net 16 /SPI_Convert_1/IBIAS))
    (model ${KISYS3DMOD}/Resistor_SMD.3dshapes/R_0805_2012Metric.wrl
      (at (xyz 0 0 0))
      (scale (xyz 1 1 1))
      (rotate (xyz 0 0 0))
    )
  )

  (module Resistor_SMD:R_0805_2012Metric_Pad1.20x1.40mm_HandSolder (layer F.Cu) (tedit 5F68FEEE) (tstamp 5F9F6858)
    (at 124.714 98.425 270)
    (descr "Resistor SMD 0805 (2012 Metric), square (rectangular) end terminal, IPC_7351 nominal with elongated pad for handsoldering. (Body size source: IPC-SM-782 page 72, https://www.pcb-3d.com/wordpress/wp-content/uploads/ipc-sm-782a_amendment_1_and_2.pdf), generated with kicad-footprint-generator")
    (tags "resistor handsolder")
    (path /5FB28DB3/5FB39109)
    (attr smd)
    (fp_text reference R201 (at 0 -1.65 90) (layer F.SilkS)
      (effects (font (size 1 1) (thickness 0.15)))
    )
    (fp_text value 2k (at 0 1.65 90) (layer F.Fab)
      (effects (font (size 1 1) (thickness 0.15)))
    )
    (fp_line (start -1 0.625) (end -1 -0.625) (layer F.Fab) (width 0.1))
    (fp_line (start -1 -0.625) (end 1 -0.625) (layer F.Fab) (width 0.1))
    (fp_line (start 1 -0.625) (end 1 0.625) (layer F.Fab) (width 0.1))
    (fp_line (start 1 0.625) (end -1 0.625) (layer F.Fab) (width 0.1))
    (fp_line (start -0.227064 -0.735) (end 0.227064 -0.735) (layer F.SilkS) (width 0.12))
    (fp_line (start -0.227064 0.735) (end 0.227064 0.735) (layer F.SilkS) (width 0.12))
    (fp_line (start -1.85 0.95) (end -1.85 -0.95) (layer F.CrtYd) (width 0.05))
    (fp_line (start -1.85 -0.95) (end 1.85 -0.95) (layer F.CrtYd) (width 0.05))
    (fp_line (start 1.85 -0.95) (end 1.85 0.95) (layer F.CrtYd) (width 0.05))
    (fp_line (start 1.85 0.95) (end -1.85 0.95) (layer F.CrtYd) (width 0.05))
    (fp_text user %R (at 0 0 90) (layer F.Fab)
